[  0] (    46,   -206,    -82) [   111,   4095,   -393]
[  1] (    44,   -206,    -84) [   112,   4095,   -393]
[  2] (    45,   -205,    -83) [   113,   4095,   -396]
[  3] (    46,   -204,    -84) [   110,   4095,   -395]
[  4] (    46,   -208,    -85) [   111,   4094,   -393]
[  5] (    48,   -206,    -86) [   112,   4094,   -393]
[  6] (    48,   -204,    -84) [   109,   4095,   -395]
[  7] (    47,   -207,    -83) [   109,   4095,   -395]
[  8] (    50,   -208,    -85) [   110,   4093,   -395]
[  9] (    47,   -205,    -83) [   110,   4094,   -396]
[ 10] (    47,   -203,    -83) [   111,   4094,   -397]
[ 11] (    47,   -206,    -82) [   111,   4094,   -398]
[ 12] (    49,   -208,    -81) [   110,   4092,   -395]
[ 13] (    45,   -205,    -84) [   110,   4092,   -394]
[ 14] (    47,   -208,    -81) [   110,   4095,   -396]
[ 15] (    47,   -206,    -82) [   110,   4096,   -396]
[ 16] (    47,   -202,    -83) [   109,   4095,   -394]
[ 17] (    47,   -205,    -82) [   110,   4092,   -392]
[ 18] (    46,   -205,    -83) [   112,   4092,   -395]
[ 19] (    47,   -205,    -82) [   112,   4094,   -399]
[ 20] (    48,   -203,    -83) [   113,   4095,   -398]
[ 21] (    48,   -205,    -84) [   113,   4095,   -394]
[ 22] (    47,   -205,    -81) [   112,   4097,   -396]
[ 23] (    47,   -206,    -82) [   112,   4096,   -399]
[ 24] (    48,   -209,    -83) [   110,   4094,   -398]
[ 25] (    49,   -206,    -83) [   111,   4094,   -394]
[ 26] (    47,   -206,    -83) [   112,   4095,   -394]
[ 27] (    46,   -206,    -83) [   112,   4097,   -396]
[ 28] (    47,   -207,    -84) [   111,   4095,   -398]
[ 29] (    47,   -204,    -85) [   110,   4093,   -397]
[ 30] (    47,   -203,    -84) [   110,   4096,   -394]
[ 31] (    44,   -206,    -84) [   111,   4096,   -395]
[ 32] (    46,   -207,    -85) [   111,   4094,   -397]
[ 33] (    44,   -206,    -85) [   110,   4094,   -397]
[ 34] (    44,   -207,    -82) [   110,   4094,   -396]
[ 35] (    45,   -205,    -83) [   111,   4094,   -395]
[ 36] (    48,   -206,    -82) [   112,   4094,   -396]
[ 37] (    47,   -206,    -81) [   112,   4095,   -397]
[ 38] (    47,   -207,    -82) [   112,   4096,   -397]
[ 39] (    48,   -206,    -82) [   111,   4096,   -394]
[ 40] (    48,   -209,    -83) [   111,   4095,   -395]
[ 41] (    48,   -207,    -83) [   112,   4093,   -397]
[ 42] (    47,   -205,    -82) [   112,   4094,   -398]
[ 43] (    47,   -206,    -85) [   112,   4095,   -397]
[ 44] (    46,   -207,    -84) [   111,   4093,   -394]
[ 45] (    42,   -206,    -85) [   111,   4093,   -396]
[ 46] (    45,   -206,    -84) [   111,   4096,   -397]
[ 47] (    47,   -205,    -82) [   111,   4096,   -396]
[ 48] (    46,   -204,    -84) [   112,   4094,   -395]
[ 49] (    49,   -208,    -83) [   110,   4093,   -396]
[ 50] (    47,   -208,    -85) [   107,   4094,   -397]
[ 51] (    47,   -205,    -86) [   109,   4095,   -396]
[ 52] (    46,   -205,    -84) [   111,   4093,   -393]
[ 53] (    47,   -205,    -84) [   112,   4094,   -394]
[ 54] (    48,   -208,    -86) [   112,   4096,   -398]
[ 55] (    46,   -207,    -82) [   112,   4095,   -398]
[ 56] (    46,   -207,    -84) [   111,   4094,   -395]
[ 57] (    45,   -206,    -83) [   112,   4094,   -395]
[ 58] (    46,   -204,    -84) [   112,   4093,   -397]
[ 59] (    48,   -205,    -85) [   111,   4093,   -397]
[ 60] (    47,   -206,    -82) [   110,   4094,   -396]
[ 61] (    48,   -206,    -83) [   112,   4094,   -396]
[ 62] (    50,   -207,    -82) [   113,   4094,   -396]
[ 63] (    48,   -205,    -81) [   111,   4096,   -395]
[ 64] (    46,   -208,    -84) [   110,   4093,   -395]
[ 65] (    46,   -206,    -83) [   110,   4091,   -394]
[ 66] (    48,   -204,    -83) [   111,   4093,   -396]
[ 67] (    45,   -203,    -84) [   111,   4094,   -396]
[ 68] (    46,   -207,    -83) [   110,   4094,   -394]
[ 69] (    47,   -208,    -83) [   110,   4095,   -394]
[ 70] (    47,   -206,    -84) [   110,   4096,   -393]
[ 71] (    47,   -203,    -83) [   112,   4097,   -395]
[ 72] (    47,   -204,    -85) [   112,   4094,   -397]
[ 73] (    48,   -205,    -85) [   112,   4092,   -396]
[ 74] (    46,   -205,    -84) [   111,   4096,   -395]
[ 75] (    44,   -206,    -82) [   109,   4097,   -395]
[ 76] (    45,   -206,    -81) [   110,   4094,   -394]
[ 77] (    47,   -203,    -82) [   111,   4093,   -395]
[ 78] (    46,   -205,    -83) [   111,   4094,   -396]
[ 79] (    44,   -207,    -86) [   111,   4094,   -395]
[ 80] (    44,   -207,    -84) [   109,   4095,   -397]
[ 81] (    47,   -211,    -83) [   110,   4096,   -398]
[ 82] (    46,   -210,    -84) [   114,   4095,   -395]
[ 83] (    47,   -206,    -84) [   113,   4095,   -395]
[ 84] (    48,   -205,    -86) [   109,   4094,   -395]
[ 85] (    47,   -204,    -85) [   107,   4091,   -394]
[ 86] (    50,   -203,    -84) [   109,   4094,   -393]
[ 87] (    50,   -204,    -84) [   112,   4095,   -394]
[ 88] (    44,   -207,    -82) [   110,   4094,   -399]
[ 89] (    45,   -206,    -82) [   103,   4095,   -405]
[ 90] (    45,   -211,    -82) [   106,   4091,   -400]
[ 91] (    46,   -206,    -80) [   118,   4093,   -386]
[ 92] (    45,   -206,    -84) [   122,   4096,   -386]
[ 93] (    47,   -207,    -88) [   113,   4091,   -403]
[ 94] (    47,   -203,    -85) [   103,   4093,   -408]
[ 95] (    45,   -204,    -82) [   105,   4094,   -395]
[ 96] (    45,   -206,    -82) [   116,   4093,   -387]
[ 97] (    47,   -205,    -86) [   116,   4092,   -391]
[ 98] (    47,   -208,    -86) [   106,   4093,   -396]
[ 99] (    45,   -203,    -82) [   107,   4096,   -397]
[100] (    48,   -205,    -80) [   114,   4095,   -394]
[101] (    46,   -203,    -85) [   115,   4095,   -394]
[102] (    47,   -206,    -86) [   111,   4096,   -399]
[103] (    47,   -208,    -84) [   106,   4094,   -401]
[104] (    46,   -206,    -81) [   109,   4093,   -392]
[105] (    48,   -208,    -83) [   115,   4096,   -386]
[106] (    48,   -208,    -83) [   113,   4096,   -394]
[107] (    46,   -203,    -84) [   108,   4094,   -402]
[108] (    46,   -202,    -82) [   106,   4094,   -399]
[109] (    47,   -206,    -80) [   113,   4094,   -392]
[110] (    47,   -206,    -82) [   119,   4094,   -392]
[111] (    48,   -205,    -86) [   110,   4093,   -396]
[112] (    46,   -208,    -79) [   103,   4094,   -398]
[113] (    48,   -206,    -81) [   109,   4094,   -399]
[114] (    47,   -205,    -82) [   116,   4096,   -393]
[115] (    48,   -208,    -85) [   112,   4097,   -390]
[116] (    47,   -208,    -87) [   105,   4095,   -394]
[117] (    47,   -206,    -85) [   104,   4096,   -397]
[118] (    47,   -206,    -84) [   111,   4096,   -398]
[119] (    46,   -209,    -83) [   118,   4093,   -393]
[120] (    48,   -207,    -83) [   114,   4088,   -389]
[121] (    46,   -205,    -84) [   110,   4088,   -396]
[122] (    49,   -203,    -83) [   111,   4105,   -395]
[123] (    42,   -205,    -84) [   111,   4102,   -403]
[124] (    45,   -206,    -87) [   104,   4085,   -404]
[125] (    47,   -208,    -82) [   101,   4091,   -387]
[126] (    49,   -207,    -84) [   108,   4097,   -388]
[127] (    45,   -206,    -81) [   119,   4095,   -398]
[128] (    46,   -207,    -86) [   122,   4094,   -404]
[129] (    43,   -205,    -88) [   112,   4097,   -403]
[130] (    43,   -205,    -84) [   108,   4096,   -394]
[131] (    44,   -209,    -85) [   111,   4093,   -389]
[132] (    47,   -211,    -86) [   104,   4092,   -396]
[133] (    50,   -209,    -80) [   101,   4094,   -399]
[134] (    49,   -206,    -79) [   110,   4095,   -392]
[135] (    49,   -207,    -79) [   122,   4094,   -386]
[136] (    49,   -206,    -83) [   120,   4095,   -392]
[137] (    49,   -205,    -82) [   106,   4095,   -401]
[138] (    48,   -203,    -80) [   102,   4095,   -399]
[139] (    46,   -205,    -78) [   111,   4093,   -392]
[140] (    48,   -207,    -82) [   116,   4093,   -392]
[141] (    49,   -206,    -85) [   113,   4097,   -399]
[142] (    48,   -202,    -87) [   104,   4095,   -401]
[143] (    50,   -208,    -81) [   107,   4094,   -395]
[144] (    46,   -205,    -80) [   116,   4097,   -391]
[145] (    45,   -207,    -82) [   113,   4096,   -394]
[146] (    45,   -204,    -83) [   110,   4094,   -396]
[147] (    47,   -204,    -84) [   109,   4094,   -395]
[148] (    48,   -202,    -82) [   108,   4097,   -394]
[149] (    50,   -205,    -82) [   110,   4094,   -393]
[150] (    47,   -204,    -82) [   114,   4092,   -395]
[151] (    51,   -200,    -82) [   115,   4094,   -392]
[152] (    48,   -202,    -86) [   108,   4095,   -391]
[153] (    47,   -206,    -86) [   103,   4094,   -400]
[154] (    45,   -206,    -84) [   107,   4094,   -402]
[155] (    46,   -206,    -81) [   113,   4094,   -393]
[156] (    47,   -205,    -82) [   118,   4094,   -389]
[157] (    47,   -205,    -85) [   112,   4095,   -397]
[158] (    48,   -208,    -83) [   106,   4095,   -400]
[159] (    49,   -206,    -81) [   110,   4094,   -393]
[160] (    47,   -204,    -81) [   114,   4093,   -387]
[161] (    51,   -203,    -81) [   114,   4093,   -389]
[162] (    52,   -200,    -84) [   113,   4095,   -395]
[163] (    47,   -200,    -86) [   113,   4094,   -401]
[164] (    46,   -203,    -84) [   111,   4094,   -406]
[165] (    47,   -206,    -85) [   108,   4093,   -400]
[166] (    46,   -207,    -84) [   106,   4092,   -396]
[167] (    42,   -208,    -83) [   105,   4093,   -399]
[168] (    44,   -212,    -82) [   115,   4091,   -400]
[169] (    45,   -210,    -85) [   120,   4091,   -396]
[170] (    47,   -208,    -81) [   112,   4094,   -387]
